 153
  56
  62
  61
 114
  50
 227
 246
  22
  32
 138
  93
 184
  43
 173
  10
 203
  92
  17
 103
  81
  54
 191
  55
  48
 117
 179
 185
 135
 204
 131
   9
  14
 211
  28
 200
 192
   1
 152
 174
  69
 255
  58
  80
 128
 185
 148
  69
 117
 225
 201
 135
  12
 104
 145
  77
 162
 132
  48
 249
  21
  42
 241
 244
 187
 236
 187
 172
 168
 108
  33
 253
 230
 114
 159
  61
 100
 110
 136
 193
 115
 254
  65
 113
  32
  85
 158
  14
 117
 167
 160
  72
 105
  11
  38
 120
  78
 234
 198
 133
 202
 248
  35
 164
 210
 146
  47
 179
  43
   6
  61
 249
 120
   2
 210
 115
  13
  67
 169
 238
 123
 118
 199
  18
  85
 227
  62
 199
   4
 183
 234
  84
 111
 239
 168
 167
 128
 196
 135
  32
 250
 165
 107
 196
  16
  43
  33
 100
 219
 244
