142
147
77
203
12
254
99
21
247
22
43
210
8
219
188
200
124
127
166
46
52
206
154
81
161
223
151
209
53
121
2
91
214
203
155
17
114
160
122
24
42
170
124
208
209
58
121
31
85
90
139
227
49
35
154
72
216
252
138
166
226
170
10
140
148
235
103
107
87
242
230
145
207
183
20
46
0
77
66
93
7
60
91
235
101
134
146
164
95
183
250
7
33
237
188
153
97
215
99
41
145
60
223
121
102
189
246
249
127
9
73
45
233
11
132
57
155
72
239
102
204
199
154
188
80
255
70
161
71
53
186
195
119
82
22
130
80
127
126
48
9
125
94
115
208
148
128
99
93
159
